
 forces (fx,fy,fz) for set FIX and time  0.1000000E+01

        12 -4.117214E-14 -2.926224E+01 -1.496894E-14
        13 -1.246355E-13 -5.590938E+01 -1.839582E-15
        14  3.550276E-13 -5.590938E+01  5.832281E-15
        15 -9.680082E-14 -2.926224E+01 -5.384349E-14
       512 -3.236205E-13 -5.844137E+01 -2.162848E-14
       513  2.906642E-13 -5.833367E+01 -7.059701E-15
       514  5.108370E-13 -5.820372E+01 -1.099927E-14
       515 -8.896443E-14 -5.805515E+01 -2.037154E-14
       516  4.245987E-13 -5.789121E+01 -1.173658E-14
       517  1.507466E-13 -5.771482E+01 -1.705943E-14
       518  1.403877E-13 -5.752862E+01 -6.805444E-15
       519 -2.817451E-14 -5.733506E+01 -7.205050E-16
       520  3.864877E-14 -5.713646E+01  1.960916E-14
       521 -1.542169E-14 -5.693511E+01  2.013907E-14
       522 -1.304859E-14 -5.673327E+01  6.361524E-15
       523  5.614259E-14 -5.653325E+01  1.034772E-14
       524  8.509686E-14 -5.633745E+01 -1.012363E-14
       525 -2.255826E-13 -5.614830E+01 -2.109922E-14
       526 -1.328130E-13 -5.596830E+01 -1.544211E-14
       527 -4.879024E-13 -1.169689E+02  3.691453E-14
       528  7.873164E-14 -1.167785E+02 -1.400581E-14
       529 -1.376697E-13 -1.165403E+02  1.587675E-14
       530  2.217763E-13 -1.162613E+02  9.682717E-15
       531 -5.123452E-15 -1.159484E+02  3.442789E-15
       532  3.893645E-14 -1.156077E+02  1.486412E-15
       533 -3.261886E-14 -1.152447E+02  1.822438E-14
       534  8.809769E-14 -1.148647E+02  2.403725E-15
       535 -5.611947E-14 -1.144722E+02  1.386755E-15
       536 -5.049746E-14 -1.140719E+02 -1.645788E-14
       537 -5.968153E-15 -1.136684E+02 -4.443522E-15
       538  2.841712E-14 -1.132662E+02  4.750955E-15
       539 -6.636849E-15 -1.128701E+02 -1.977362E-15
       540  3.632796E-14 -1.124847E+02  2.224619E-14
       541 -2.198532E-13 -1.121152E+02  6.546775E-15
       542  1.192100E-13 -1.117665E+02 -1.932623E-15
       543 -1.093674E-13 -5.586346E+01 -5.504206E-15
       544  2.353499E-13 -5.572493E+01  7.376153E-15
       545  1.253754E-13 -5.560550E+01 -1.321418E-14
       546  6.676005E-13 -5.550723E+01 -5.073219E-15
       547  8.264275E-13 -5.543188E+01 -1.283718E-14
       548  1.084475E-13 -5.538084E+01  8.394752E-15
       549 -1.910296E-13 -5.535508E+01 -2.542058E-14
       550 -4.181259E-13 -5.535508E+01 -2.190283E-14
       551 -5.120375E-13 -5.538084E+01 -2.951495E-14
       552 -9.286359E-13 -5.543188E+01 -4.184541E-14
       553 -1.522428E-13 -5.550723E+01 -4.831497E-14
       554  3.611052E-13 -5.560550E+01 -4.370414E-14
       555  3.765898E-13 -5.572493E+01 -3.242485E-14
       556  1.069804E-13 -5.586346E+01  1.961489E-16
       557 -9.119898E-14 -1.118801E+02  2.642019E-14
       558  3.620754E-13 -1.115859E+02  2.342163E-14
       559  3.569041E-13 -1.113276E+02  1.143974E-14
       560  7.144520E-14 -1.111096E+02  1.825181E-14
       561 -2.409404E-13 -1.109358E+02  3.629725E-14
       562  5.849492E-13 -1.108092E+02  7.172218E-15
       563 -3.045146E-13 -1.107323E+02  5.192090E-14
       564 -4.554299E-13 -1.107065E+02  2.311764E-14
       565 -4.308813E-13 -1.107323E+02  3.974494E-14
       566 -5.145371E-14 -1.108092E+02  4.264507E-14
       567  7.193455E-13 -1.109358E+02  7.687311E-14
       568 -3.491898E-13 -1.111096E+02  3.002027E-14
       569 -6.785335E-13 -1.113276E+02 -5.927521E-15
       570 -2.950721E-13 -1.115859E+02  3.583114E-14
       571  9.562227E-14 -1.118801E+02 -1.086209E-15
       572 -1.734533E-13 -5.596830E+01 -2.077572E-14
       573  5.732134E-13 -5.614830E+01 -2.005104E-14
       574 -3.836601E-14 -5.633745E+01 -5.282899E-15
       575 -8.265897E-13 -5.653325E+01 -4.371689E-14
       576 -6.062468E-13 -5.673327E+01 -7.215994E-15
       577  2.006468E-14 -5.693511E+01 -1.210764E-13
       578  5.694230E-14 -5.713646E+01 -6.320863E-14
       579  1.074461E-12 -5.733506E+01 -7.639828E-16
       580  1.016616E-12 -5.752862E+01 -8.188665E-15
       581 -1.782547E-12 -5.771482E+01  4.038597E-14
       582  9.252165E-13 -5.789121E+01  8.524502E-14
       583  5.743513E-13 -5.805515E+01 -1.625908E-14
       584  1.227421E-13 -5.820372E+01  2.407161E-14
       585  1.347684E-12 -5.833367E+01 -1.488037E-14
       586 -2.323627E-13 -5.844137E+01 -3.145149E-14
       587  3.715080E-13 -1.117665E+02  6.664330E-14
       588  9.143701E-13 -1.121152E+02  8.469027E-15
       589 -2.278242E-13 -1.124847E+02  5.026660E-14
       590  3.015474E-13 -1.128701E+02  3.683832E-14
       591  4.406662E-13 -1.132662E+02 -1.965803E-14
       592 -8.589971E-13 -1.136684E+02  3.528017E-14
       593 -1.667817E-13 -1.140719E+02  1.103671E-13
       594  1.182242E-12 -1.144722E+02 -8.575495E-14
       595  7.964815E-13 -1.148647E+02 -3.189230E-14
       596 -3.419582E-13 -1.152447E+02 -7.773048E-14
       597  6.578806E-13 -1.156077E+02  5.230870E-15
       598 -5.576685E-13 -1.159484E+02  1.297639E-15
       599  9.477402E-13 -1.162613E+02 -3.698992E-15
       600 -1.285051E-13 -1.165403E+02 -2.567336E-15
       601  2.012171E-12 -1.167785E+02  5.627249E-14
       602  4.162799E-13 -1.169689E+02 -3.577537E-16

 forces (fx,fy,fz) for set HOLE and time  0.1000000E+01

         1 -6.865758E-12 -7.704670E-13  3.465948E-14
         2 -1.862871E-12  9.593437E-13  1.119620E-13
         3  1.376066E-12  6.739526E-12  2.910302E-14
         4  8.350542E-13  1.488423E-11 -8.214356E-14
       137  4.008405E-12 -4.569567E-12  2.613052E-13
       138  2.364081E-12  6.659395E-12 -8.771532E-14
       139  8.129469E-13 -1.669692E-12  8.501613E-14
       140  7.368585E-12 -2.313677E-12  9.062747E-14
       141  1.636712E-12  6.909265E-12 -6.587897E-15
       142 -6.001371E-13 -4.546932E-12  1.399934E-13
       143 -1.260502E-13 -1.073811E-13 -1.883229E-14
       144  1.858439E-12 -5.299889E-12  1.578937E-15
       145  1.643206E-12 -2.954643E-12  5.600446E-15
       146  2.341526E-12 -4.788073E-12 -7.482757E-16
       147 -9.408897E-13 -5.122236E-12 -7.010528E-14
       148 -1.304429E-12  9.649503E-13 -8.182582E-15
       149  1.760619E-12  2.553430E-12  6.866567E-14
       150  2.368467E-12 -1.405182E-12  2.477442E-14
       151  1.593674E-12 -9.476351E-13 -4.591003E-14
       152 -1.986938E-12 -3.275532E-12  9.048995E-14
       153 -2.030354E-12  1.273749E-13 -3.931531E-14
       154 -2.011566E-13  1.116035E-12  1.312349E-13
       155  4.716281E-13  2.278201E-13 -7.716451E-14
       156  1.972706E-12 -3.955499E-12 -2.521578E-14
       157 -4.528265E-14 -6.458957E-12 -3.322922E-14
       158  1.485587E-12 -5.357940E-12 -7.496705E-14
       159  1.439714E-12  1.607162E-13  1.946669E-14
       160 -8.410744E-13  5.095413E-13 -3.462389E-14
       161  6.973976E-13  2.264393E-12 -2.173749E-14
       162 -1.567171E-12  2.564517E-12 -3.487136E-14
       163 -7.865391E-13  9.785375E-13  1.282579E-13
       164  5.415852E-13 -1.087908E-12 -3.080618E-14
       165 -9.046344E-13 -6.580738E-13  2.399236E-14
       166  3.116590E-12 -8.465090E-12 -7.307887E-14
       167  1.544792E-12  5.662470E-12  6.092918E-15
       168  5.451056E-12 -5.880317E-12 -1.830003E-14
       169 -1.133815E-13 -6.935924E-12  6.991539E-14
       170  6.939727E-13 -6.311745E-12 -7.583394E-14
       171 -4.083331E-13 -6.787584E-12  2.337765E-14
       172 -6.666560E-13  5.867107E-12 -1.322248E-13
       173 -3.899259E-13 -8.535134E-12 -5.274992E-14
       174  4.836478E-13  4.279323E-12 -1.818623E-14
       175 -2.017747E-12 -5.148424E-12 -2.425580E-14
       176 -5.602879E-13  6.376118E-12  3.453366E-14
       177 -4.663908E-12 -3.764017E-12 -1.505213E-14
       178  3.593792E-13  9.202084E-13  1.696174E-14
       179  4.652279E-12  7.631951E-13 -5.093321E-14
       180  1.520017E-12 -7.024803E-13  1.544561E-13
       181  8.140466E-14  4.310166E-12  1.159164E-14
       182 -1.174842E-13 -4.795596E-12 -9.239677E-14
       183  4.570464E-13  1.265256E-12  1.166634E-13
       184  4.485493E-13  1.595259E-12 -8.424251E-16
       185 -4.620634E-14  7.398741E-12 -7.694979E-14
       186  1.311159E-12 -5.807203E-12 -7.361267E-14
       187 -7.504515E-13  3.155128E-12  7.102701E-14
       188  6.185825E-13 -4.380999E-12  1.210136E-13
       189  1.293501E-12  1.180601E-12  4.882564E-14
       190  7.318789E-13 -4.690701E-13  7.836505E-14
       191 -1.562404E-12 -4.855354E-12 -4.186918E-16
       192 -1.869232E-13 -1.458018E-12  8.793267E-14
       193  7.365184E-13  1.413318E-12  5.521241E-14
       194 -1.136517E-12  2.275239E-12  8.025449E-14
       195  6.590117E-12  7.034484E-12 -9.691998E-14
       196 -6.895179E-13  2.589207E-12  5.215365E-14
       197 -3.249762E-13 -4.816147E-12 -5.803345E-14
       198  5.006551E-12 -1.824277E-12  5.330563E-14
       199  7.425718E-13  3.890582E-12  9.553907E-14
       200 -1.190110E-12 -6.781818E-12 -7.246672E-15
       201 -4.978865E-13  1.655846E-12 -4.888428E-14
       202 -4.281362E-12 -3.478669E-12 -7.945334E-14
       203 -1.868324E-12  1.428718E-12 -2.767662E-14
       204  1.379057E-12 -2.622819E-12 -3.583074E-14
       205 -3.955586E-13  3.659045E-12  7.546463E-14
       206 -4.540368E-12  2.669059E-12 -1.116269E-14
       207  1.598069E-12  2.213424E-12 -8.713792E-14
       208 -8.106849E-13  1.212000E-11 -6.936112E-14
       209  7.684152E-13 -6.327848E-13  3.725651E-14
       210  1.840516E-13  3.514074E-12 -1.154823E-13
       211 -8.446599E-13  2.988192E-12 -3.317041E-14
       212  2.333111E-12 -3.768566E-12 -3.996548E-14
       213 -1.146615E-12 -3.018149E-13  6.647135E-15
       214  1.590993E-12 -7.806046E-13  1.208251E-14
       215 -1.085501E-12 -5.462229E-12 -3.849628E-14
       216  2.187278E-12 -2.055872E-12 -1.922177E-14
       217  1.782698E-12 -1.085573E-12  8.121921E-14
       218 -2.541709E-13 -5.551296E-13 -7.503655E-15
       219 -1.280591E-12  3.661520E-12  5.892086E-14
       220 -1.662770E-12 -3.929995E-12  3.218367E-14
       221 -3.615078E-13 -4.431178E-12 -1.816668E-13
       222 -3.440336E-12  1.105012E-12 -2.817744E-14
       223  1.181867E-12 -2.250602E-13 -1.216170E-13
       224 -9.639234E-13 -2.744860E-12  1.595797E-13
       225 -1.609379E-12  3.233108E-12 -6.054619E-15
       226  6.651235E-12 -5.670110E-12  1.365056E-13
       227 -3.008566E-12  7.956160E-12 -5.546380E-14
       228  2.023243E-12 -1.441157E-11 -1.378983E-14
       229 -3.768486E-12 -8.237834E-12 -1.158261E-13
       230 -1.286068E-12 -4.193096E-12  2.256527E-13
       231 -3.798992E-12  1.858623E-11  3.317438E-14
       232 -9.887924E-14  1.004815E-11 -5.134409E-14
       233 -1.863232E-13  5.388552E-12 -6.129689E-14
       234 -6.830175E-12 -4.518656E-12 -6.467166E-14
       235 -2.533335E-12  1.173173E-12  1.041524E-13
       236 -3.800044E-12  1.944001E-12  1.889167E-14
       237  2.905343E-12  3.342548E-12  9.729987E-14
       238  1.374042E-12 -2.111838E-12 -1.065761E-13
       239 -9.223693E-13  4.163485E-12 -3.319505E-14
       240 -7.899707E-13 -4.483032E-13  1.225240E-13
       241 -3.646249E-13  1.380409E-12 -2.863518E-13
       242  1.302660E-12 -2.399281E-12  6.626915E-14
       243  8.518031E-13 -3.145223E-12  1.302718E-13
       244  1.456639E-12 -3.504660E-12  2.087556E-13
       245  1.099775E-12 -7.828077E-12 -1.961072E-13
       246 -1.177966E-12 -1.110610E-11 -2.182362E-13
       247  7.178642E-13  1.028296E-11 -5.160309E-14
       248  1.920157E-12 -3.469772E-14 -1.704496E-14
       249 -2.254795E-12 -4.746678E-12  9.117243E-14
       250  3.406841E-13 -7.244262E-12 -7.723818E-14
       251 -1.207414E-12 -4.927747E-12 -2.824782E-14
       252 -2.423392E-12  5.458186E-12 -1.923729E-13
