
 forces (fx,fy,fz) for set FIX and time  0.1000000E+01

        12 -3.117477E-14 -4.867080E+01  1.361164E-14
        13 -3.213059E-14 -9.500923E+01  1.068815E-13
        14 -2.602298E-13 -9.500923E+01  1.209040E-14
        15 -2.813853E-13 -4.867080E+01 -6.696349E-14
       259 -1.096063E-14 -9.727793E+01  1.017832E-13
       260 -1.670821E-14 -9.717370E+01  1.129820E-13
       261 -4.121543E-14 -9.704947E+01  9.691591E-14
       262  1.895370E-14 -9.690865E+01  1.066724E-13
       263 -1.013702E-14 -9.675428E+01  1.112835E-13
       264 -9.038722E-16 -9.658905E+01  1.024446E-13
       265 -1.600907E-14 -9.641537E+01  1.093662E-13
       266 -1.804503E-14 -9.623548E+01  1.020111E-13
       267 -2.513814E-14 -9.605149E+01  1.025934E-13
       268 -2.746532E-14 -9.586546E+01  9.945576E-14
       269 -1.714536E-14 -9.567941E+01  1.081547E-13
       270 -6.841526E-14 -9.549543E+01  1.059945E-13
       271 -1.927865E-14 -9.531564E+01  9.488634E-14
       272  1.312408E-13 -9.514222E+01  1.127914E-13
       273 -1.286000E-13 -9.497741E+01  1.036901E-13
       274 -4.425317E-14 -9.505340E+01 -1.548078E-15
       275 -2.197086E-13 -9.492692E+01  3.428071E-15
       276  7.665803E-14 -9.481794E+01 -1.675564E-14
       277 -7.209458E-14 -9.472832E+01  1.042101E-15
       278  7.162702E-14 -9.465963E+01 -8.310681E-16
       279 -7.884320E-14 -9.461312E+01 -1.767124E-15
       280 -1.605881E-13 -9.458964E+01 -4.080744E-15
       281 -2.648625E-13 -9.458964E+01  4.733064E-15
       282 -8.007081E-15 -9.461312E+01 -9.693377E-16
       283 -2.120509E-13 -9.465963E+01 -1.081259E-14
       284  3.620786E-13 -9.472832E+01 -1.512069E-15
       285  4.280449E-13 -9.481794E+01  2.177485E-15
       286 -4.453130E-13 -9.492692E+01 -1.802386E-14
       287  2.565442E-13 -9.505340E+01  2.151835E-14
       288 -9.528507E-14 -9.497741E+01  4.112540E-14
       289  2.635630E-13 -9.514222E+01  4.880325E-14
       290  9.651930E-14 -9.531564E+01  2.241576E-14
       291  1.098392E-13 -9.549543E+01 -1.012852E-14
       292 -5.831079E-13 -9.567941E+01  2.605940E-14
       293  7.470721E-13 -9.586546E+01  9.787962E-14
       294  1.389302E-14 -9.605149E+01  9.958110E-14
       295 -1.095444E-13 -9.623548E+01 -2.634205E-15
       296 -3.086219E-13 -9.641537E+01  5.077331E-14
       297 -3.396526E-14 -9.658905E+01  5.536432E-14
       298 -1.440265E-13 -9.675428E+01  2.457119E-14
       299 -5.531365E-13 -9.690865E+01  1.673097E-14
       300  5.323300E-13 -9.704947E+01  8.939986E-15
       301  3.386736E-14 -9.717370E+01  9.311689E-14
       302 -4.509052E-13 -9.727793E+01  3.066400E-15

 forces (fx,fy,fz) for set HOLE and time  0.1000000E+01

         1 -1.031188E-12 -1.326287E-12 -2.232589E-14
         2 -7.410168E-13 -3.861343E-13 -2.363875E-14
         3 -7.661222E-13  4.085486E-13 -3.109926E-15
         4  3.975969E-13 -1.459042E-12  1.435429E-14
        77 -7.742185E-13  6.448769E-13  6.549448E-15
        78 -3.315349E-13  7.177191E-13  1.980621E-15
        79 -3.413735E-13 -1.252987E-12  1.280009E-14
        80 -9.814768E-13 -2.136533E-13 -5.342731E-15
        81 -3.606007E-13 -4.757400E-13  8.648139E-15
        82  2.467442E-13 -7.802922E-13 -7.461967E-15
        83 -2.697877E-13  1.169204E-12 -9.536588E-15
        84  1.305231E-13 -4.387873E-13  4.734982E-16
        85 -1.957345E-13  6.371604E-13  1.272539E-14
        86 -1.714178E-13 -2.437522E-13 -3.536017E-15
        87 -6.550038E-13  2.598247E-13  5.744645E-15
        88 -2.610116E-13  4.961938E-13  2.387196E-15
        89 -4.178211E-13 -1.199518E-12  5.921045E-15
        90  2.295949E-13  1.378509E-12  1.291220E-14
        91  4.824040E-13  1.523797E-12  2.025181E-14
        92 -3.207695E-13 -5.907909E-13  1.273829E-14
        93  1.379418E-13  1.841818E-12  1.060155E-14
        94 -4.702720E-13  1.983551E-12  1.907328E-15
        95 -1.223085E-13  2.123785E-12  6.195050E-15
        96  3.225366E-13 -1.321517E-12 -9.262773E-15
        97  1.308519E-13  9.039465E-13 -1.420099E-14
        98  2.334654E-13  8.141669E-13 -3.143427E-15
        99  1.801842E-13  2.830015E-12 -1.005619E-14
       100  8.799298E-14  2.126018E-12 -1.496698E-14
       101 -3.195987E-13  4.339837E-13  1.325741E-14
       102 -1.947264E-13 -2.642012E-13 -9.471156E-15
       103  3.490882E-13 -9.003592E-13  1.465841E-16
       104 -2.825576E-13  5.247703E-13  4.552782E-15
       105  4.122977E-14  1.246169E-12 -1.338036E-14
       106 -1.726504E-13  8.024885E-13 -2.828033E-15
       107  8.512156E-13  6.556149E-14  5.482810E-15
       108  1.071891E-12 -2.945652E-13  5.652163E-15
       109 -2.953513E-14  2.498095E-13 -5.236371E-15
       110  1.330473E-14  1.187106E-12  9.970540E-15
       111 -2.502581E-13  4.234669E-13  1.598914E-15
       112  4.900222E-13 -2.094997E-13  7.102310E-15
       113 -5.588077E-13 -5.534495E-13 -2.000353E-16
       114  5.166416E-13  1.702974E-12 -9.519078E-15
       115 -4.855144E-13 -9.272908E-13 -3.781589E-15
       116  3.313442E-13  7.540431E-14  2.487095E-14
       117 -6.177256E-13 -1.254547E-12 -1.601367E-14
       118 -1.897656E-13  1.933147E-12 -7.425701E-15
       119  4.559356E-13  8.084064E-13 -1.814521E-15
       120 -7.666957E-14  4.087768E-13  7.453890E-15
       121  1.115024E-12  8.836785E-13  2.165217E-14
       122 -6.212316E-13 -4.933143E-13  1.213721E-14
       123  3.010154E-13 -7.693161E-13  2.289049E-14
       124 -1.478114E-13 -3.792242E-12  1.910126E-14
       125  1.096501E-13 -3.258425E-12 -1.178658E-14
       126  1.827346E-13 -3.131046E-13 -2.291407E-14
       127 -2.832822E-13  2.591149E-12 -9.100793E-15
       128 -3.831579E-13 -1.603011E-13 -1.419156E-14
       129  5.745931E-13 -8.509349E-14 -2.305469E-14
       130  4.545116E-13  2.998322E-12  2.032098E-14
       131 -5.201581E-13  4.766009E-13 -1.422170E-14
       132  2.990013E-13  5.435001E-13  4.007211E-15
